Webots Project File version R2020b
perspectives: 000000ff00000000fd00000003000000000000000000000000fc0100000001fb0000001a0044006f00630075006d0065006e0074006100740069006f006e0000000000ffffffff0000004e00ffffff00000001000001a70000028afc0200000001fb0000001400540065007800740045006400690074006f007201000000000000028a000000a500ffffff00000003000005a0000000d9fc0100000001fb0000001a0043006f006e0073006f006c00650041006c006c0041006c006c0100000000000005a00000004e00ffffff000003f30000028a00000001000000020000000100000008fc00000000
simulationViewPerspectives: 000000ff000000010000000200000118000005620100000006010000000100
sceneTreePerspectives: 000000ff0000000100000002000000c0000000fc0100000006010000000200
maximizedDockId: -1
centralWidgetVisible: 1
orthographicViewHeight: 1
textFiles: 0 "controllers/bug/bug.cpp"
consoles: Console:All:All
renderingDevicePerspectives: Pioneer 2:camera_f;1;1.00625;0;0
renderingDevicePerspectives: Pioneer 2:camera_s;1;1.08125;0.606577;0.108844
